start=2535.658000
volume=70.000000
fullscreen=yes
