start=34.260000
volume=22.000000
