start=2928.175000
volume=76.000000
