start=2981.937000
volume=76.000000
fullscreen=yes
