start=3938.852000
volume=70.000000
fullscreen=yes
