start=31.416667
volume=26.000000
fullscreen=yes
