start=2520.351000
volume=80.000000
fullscreen=yes
