start=24.600000
volume=24.000000
fullscreen=yes
