start=1146.020000
volume=68.000000
fullscreen=yes
