start=2518.266000
volume=40.000000
fullscreen=yes
