start=2676.215000
volume=80.000000
panscan=0.100000
sub-pos=99
