start=2491.322000
volume=50.000000
