start=2509.090000
volume=60.000000
