start=3207.329000
volume=112.000000
fullscreen=yes
