start=1385.676000
volume=44.000000
