start=2486.943000
volume=70.000000
fullscreen=yes
