start=1412.786000
volume=54.000000
