start=64.600000
volume=42.000000
fullscreen=yes
