start=334.542000
volume=90.000000
fullscreen=yes
