start=1932.347000
volume=90.000000
