start=508.367000
volume=70.000000
fullscreen=yes
