start=1365.781000
volume=90.000000
fullscreen=yes
sid=1
