start=30.400000
volume=24.000000
fullscreen=yes
