start=3889.313000
volume=36.000000
fullscreen=yes
