start=25.000000
volume=40.000000
fullscreen=yes
