start=1329.411417
volume=12.000000
fullscreen=yes
saturation=2
