start=3380.252000
volume=50.000000
