start=44.766667
volume=24.000000
fullscreen=yes
