start=1415.247000
volume=60.000000
fullscreen=yes
sid=2
