start=35.702333
volume=104.000000
fullscreen=yes
