start=2.100000
volume=84.000000
fullscreen=yes
