start=53.266667
volume=16.000000
