start=3802.729000
volume=40.000000
sid=1
