start=1371.912000
volume=80.000000
fullscreen=yes
