start=2830.786000
volume=40.000000
