start=21.889599
volume=42.000000
