start=448.573000
volume=10.000000
fullscreen=yes
