start=2514.470000
volume=80.000000
fullscreen=yes
