start=14.250000
volume=14.000000
