start=8.675333
volume=46.000000
fullscreen=yes
