start=2944.692000
volume=38.000000
