start=34.366667
volume=38.000000
fullscreen=yes
