start=743.400000
speed=1.331000
pause=yes
volume=94.000000
fullscreen=yes
