start=2521.728000
volume=80.000000
