start=2496.160000
volume=50.000000
fullscreen=yes
