start=2510.466000
volume=60.000000
fullscreen=yes
