start=136.970000
volume=60.000000
sid=10
