start=977.567000
volume=100.000000
fullscreen=yes
