start=1352.476000
volume=100.000000
fullscreen=yes
sid=2
