start=85.800000
volume=56.000000
fullscreen=yes
